1249,3
1249,2
1249,1
1249,0
1248,3
1248,2
1248,1
1248,0
1247,3
1247,2
1247,1
1247,0
1246,3
1246,2
1246,1
1246,0
1245,4
1245,3
1245,2
1245,1
1245,0
1244,4
1244,3
1244,2
1244,1
1244,0
1243,3
1243,2
1243,1
1243,0
0,312
1242,3
1242,2
1242,1
1242,0
1241,3
1241,2
1241,1
1241,0
1240,3
1240,2
1240,1
1240,0
1239,3
1239,2
1239,1
1239,0
0,308
1238,4
1238,3
1238,2
1238,1
1238,0
1237,4
1237,3
1237,2
1237,1
1237,0
1236,3
1236,2
1236,1
1236,0
0,306
1235,3
1235,2
1235,1
1235,0
1234,3
1234,2
1234,1
1234,0
1233,3
1233,2
1233,1
1233,0
1232,3
1232,2
1232,1
1232,0
1231,4
1231,3
1231,2
1231,1
1231,0
1230,4
1230,3
1230,2
1230,1
1230,0
1229,3
1229,2
1229,1
1229,0
0,302
1228,3
1228,2
1228,1
1228,0
1227,3
1227,2
1227,1
1227,0
1226,3
1226,2
1226,1
1226,0
1225,3
1225,2
1225,1
1225,0
1224,4
1224,3
1224,2
1224,1
1224,0
1223,4
1223,3
1223,2
1223,1
1223,0
1222,3
1222,2
1222,1
1222,0
0,447
1221,3
1221,2
1221,1
1221,0
1220,3
1220,2
1220,1
1220,0
1219,3
1219,2
1219,1
1219,0
1218,3
1218,2
1218,1
1218,0
1217,4
1217,3
1217,2
1217,1
1217,0
0,445
1216,4
1216,3
1216,2
1216,1
1216,0
1215,3
1215,2
1215,1
1215,0
1214,3
1214,2
1214,1
1214,0
1213,3
1213,2
1213,1
1213,0
1212,3
1212,2
1212,1
1212,0
1211,3
1211,2
1211,1
1211,0
1210,4
1210,3
1210,2
1210,1
1210,0
1209,4
1209,3
1209,2
1209,1
1209,0
1208,3
1208,2
1208,1
1208,0
0,443
1207,3
1207,2
1207,1
1207,0
1206,3
1206,2
1206,1
1206,0
0,438
1205,3
1205,2
1205,1
1205,0
1204,3
1204,2
1204,1
1204,0
0,434
1203,4
1203,3
1203,2
1203,1
1203,0
1202,4
1202,3
1202,2
1202,1
1202,0
1201,3
1201,2
1201,1
1201,0
1200,3
1200,2
1200,1
1200,0
1199,3
1199,2
1199,1
1199,0
1198,3
1198,2
1198,1
1198,0
1197,3
1197,2
1197,1
1197,0
1196,4
1196,3
1196,2
1196,1
1196,0
1195,4
1195,3
1195,2
1195,1
1195,0
1194,3
1194,2
1194,1
1194,0
0,432
1193,3
1193,2
1193,1
1193,0
1192,3
1192,2
1192,1
1192,0
1191,3
1191,2
1191,1
1191,0
1190,3
1190,2
1190,1
1190,0
1189,4
1189,3
1189,2
1189,1
1189,0
1188,4
1188,3
1188,2
1188,1
1188,0
1187,3
1187,2
1187,1
1187,0
1186,3
1186,2
1186,1
1186,0
1185,3
1185,2
1185,1
1185,0
1184,3
1184,2
1184,1
1184,0
1183,3
1183,2
1183,1
1183,0
1182,4
1182,3
1182,2
1182,1
1182,0
1181,4
1181,3
1181,2
1181,1
1181,0
1180,3
1180,2
1180,1
1180,0
0,422
1179,3
1179,2
1179,1
1179,0
1178,3
1178,2
1178,1
1178,0
1177,3
1177,2
1177,1
1177,0
1176,3
1176,2
1176,1
1176,0
1175,4
1175,3
1175,2
1175,1
1175,0
1174,4
1174,3
1174,2
1174,1
1174,0
1173,3
1173,2
1173,1
1173,0
0,417
1172,3
1172,2
1172,1
1172,0
1171,3
1171,2
1171,1
1171,0
1170,3
1170,2
1170,1
1170,0
1169,3
1169,2
1169,1
1169,0
1168,4
1168,3
1168,2
1168,1
1168,0
1167,4
1167,3
1167,2
1167,1
1167,0
1166,3
1166,2
1166,1
1166,0
0,390
1165,3
1165,2
1165,1
1165,0
1164,3
1164,2
1164,1
1164,0
1163,3
1163,2
1163,1
1163,0
1162,3
1162,2
1162,1
1162,0
1161,4
1161,3
1161,2
1161,1
1161,0
1160,4
1160,3
1160,2
1160,1
1160,0
1159,3
1159,2
1159,1
1159,0
0,387
1158,3
1158,2
1158,1
1158,0
1157,3
1157,2
1157,1
1157,0
1156,3
1156,2
1156,1
1156,0
1155,3
1155,2
1155,1
1155,0
1154,4
1154,3
1154,2
1154,1
1154,0
1153,4
1153,3
1153,2
1153,1
1153,0
1152,3
1152,2
1152,1
1152,0
1151,3
1151,2
1151,1
1151,0
1150,3
